1
2
3
4
5
6
7
8
9
10
11
12
13
14
15
16
17
18
19
20
21
22
23
24
25
26
27
28
29
30
31
32
33
34
35
36
37
38
39
40
41
42
43
44
45
46
47
48
49
50
488
571
612
1025
1662
1893
2398
2639
2691
2794
3047
3165
3194
3252
3946
3969
3969
4075
4555
4780
5896
6056
6083
6429
6623
6955
6959
7105
7662
7675
7857
7900
8390
8393
8554
8959
8992
9094
9327
9598
9696
9986
10287
10942
11829
11894
12178
12328
12905
13560
13946
14247
15747
16167
16761
17546
17559
18120
18306
18714
18975
19349
19352
19460
20162
20931
21779
21781
22139
22316
22415
22475
22514
22525
22653
23590
23643
23857
23979
24035
24251
24733
25208
26225
26909
27015
27836
28447
28969
29238
29318
30093
30255
30401
31048
31406
31408
31484
31623
32100
